-2-

66166 06 600111 61 06 06 Ι 1606 6 1110611611
0111011116 06 661661 6106 06 rugosus wrynkelyddo
60 albugo 06 110016 100 torax 6 01661 0666 61601661 01616
nasus 6666 ’ pectus 6601166 01661
0111116 06 160 61 06 6666 humerus 6601166 6601111161
66116 06 11661161 brachium an 61166
interfinium 06 01666 00 10666 06 66611611 cubitus 66 6610611 61 6 6110016
65 glaucoma 06 061116 6106 06 105 lacertus 06 0161166 61 06 armo 61 6
0666106 161116 , 6061166 61 6 1611016166
0606 06 160 6106 6666 666116 06 61166 00116
cartilago 06 01061011 16166106 016000161 61616
0116 06 101106 1166 .1. 6110116116 mensura an 6116
70 66116 6 6616 616 an armo holo
66066116 06 111116 6106 6616 110 medulla 1661611
1661661116 61101166 61666 fragos 6111061
faux a 6116116 manua 66 066116
16616 6 606116 pugnus 61061
75 mandubula a 606116 066 1616 06 06616 6106 honde
vultus 6 611616 115 61616116 06 10116 hande
66 6 1661110 dextra 06 10106 hande
labium a 10006 1 pollex a thome
palatum 06 1616 6106 mowth digitus a 1060111
80 gingiua 06 0616166 6161166606 leche 10110111·
11666 6 16106 l 120 661166161006101111106061
6616166116 11161106 · 6661161116 6 knockyll
lingua 6 16110 1111161616 6 111661[111]6
mantum a 600666 06111616616606606
85 06106 6 061116 callus 06 harda 61 06066116, crost, 61
brancas 6 0616 616 6061116 06 16616
6010161611 06 01616 06116 125 1601116 6 66016
ceruix a gorgo 61666116 6660616 06 6601111101 blado
0611616 6 1161616160 1061 61616
90 saliua 6061011 16161 6 61016 61666
6161116 6601166 11166011 66616 610006
066006066 6 116606 130 cutia 6 6110666
guttur 06 101616 (1401.) venter 6 116166
6116116 06 616616 001 io 06 armo pytte 11666116 6116616
95 collum 6 nacke 1160111666 6 661116
60661116 06 nacke 0666 66166 06116
1166116611606 666116 0011 135 (1161160166 610111666 ·

 

